0	0.0000349379	0.000000170915
13	0.0000375221	0.000000183129
26	0.0000403689	0.000000196545
39	0.0000434784	0.000000211163
52	0.0000466404	0.000000225954
65	0.0000498082	0.00000024069
78	0.0000529712	0.000000255318
91	0.0000561287	0.000000269833
104	0.0000592824	0.000000284243
117	0.0000624347	0.000000298559
130	0.0000655878	0.000000312789
143	0.0000687436	0.000000326942
156	0.0000719032	0.000000341022
169	0.000075068	0.000000355033
182	0.0000782384	0.000000368978
195	0.0000814152	0.000000382857
208	0.0000845984	0.00000039667
221	0.0000877881	0.000000410417
234	0.0000909844	0.000000424094
247	0.000094187	0.000000437701
260	0.0000973956	0.000000451234
273	0.00010061	0.00000046469
286	0.000103829	0.000000478066
299	0.000107053	0.000000491357
312	0.000110281	0.00000050456
325	0.000113513	0.000000517671
338	0.000116747	0.000000530685
351	0.000119983	0.000000543599
364	0.000123221	0.000000556406
377	0.00012646	0.000000569104
390	0.000129699	0.000000581687
403	0.000132937	0.000000594151
416	0.000136173	0.000000606492
429	0.000139408	0.000000618704
442	0.000142639	0.000000630782
455	0.000145866	0.000000642724
468	0.000149089	0.000000654523
481	0.000152307	0.000000666175
494	0.000155518	0.000000677677
507	0.000158723	0.000000689023
520	0.00016192	0.000000700208
533	0.000165109	0.000000711229
546	0.000168288	0.000000722082
559	0.000171457	0.000000732761
572	0.000174616	0.000000743264
585	0.000177764	0.000000753585
598	0.000180899	0.00000076372
611	0.000184021	0.000000773666
624	0.000187129	0.000000783419
637	0.000190223	0.000000792975
650	0.000193302	0.000000802329
663	0.000196365	0.000000811479
676	0.000199412	0.00000082042
689	0.000202441	0.000000829149
702	0.000205452	0.000000837662
715	0.000208445	0.000000845956
728	0.000211418	0.000000854028
741	0.000214371	0.000000861874
754	0.000217304	0.00000086949
767	0.000220215	0.000000876875
780	0.000223104	0.000000884024
793	0.000225971	0.000000890935
806	0.000228814	0.000000897605
819	0.000231634	0.000000904031
832	0.000234429	0.00000091021
845	0.000237199	0.000000916139
858	0.000239943	0.000000921816
871	0.000242661	0.000000927238
884	0.000245352	0.000000932403
897	0.000248015	0.000000937309
910	0.000250651	0.000000941952
923	0.000253258	0.000000946332
936	0.000255835	0.000000950445
949	0.000258384	0.00000095429
962	0.000260902	0.000000957864
975	0.000263389	0.000000961167
988	0.000265845	0.000000964195
1001	0.000268269	0.000000966947
1014	0.000270661	0.000000969421
1027	0.000273021	0.000000971617
1040	0.000275347	0.000000973531
1053	0.00027764	0.000000975164
1066	0.000279898	0.000000976513
1079	0.000282122	0.000000977578
1092	0.000284311	0.000000978356
1105	0.000286465	0.000000978847
1118	0.000288582	0.00000097905
1131	0.000290664	0.000000978964
1144	0.000292709	0.000000978588
1157	0.000294716	0.000000977921
1170	0.000296687	0.000000976962
1183	0.000298619	0.000000975712
1196	0.000300514	0.000000974168
1209	0.000302369	0.000000972331
1222	0.000304186	0.000000970201
1235	0.000305964	0.000000967776
1248	0.000307702	0.000000965057
1261	0.0003094	0.000000962044
1274	0.000311058	0.000000958735
1287	0.000312675	0.000000955133
1300	0.000314252	0.000000951235
1313	0.000315788	0.000000947044
1326	0.000317282	0.000000942558
1339	0.000318734	0.000000937778
1352	0.000320145	0.000000932704
1365	0.000321513	0.000000927338
1378	0.00032284	0.000000921678
1391	0.000324123	0.000000915727
1404	0.000325364	0.000000909485
1417	0.000326561	0.000000902951
1430	0.000327715	0.000000896128
1443	0.000328826	0.000000889017
1456	0.000329893	0.000000881617
1469	0.000330916	0.000000873931
1482	0.000331895	0.000000865959
1495	0.00033283	0.000000857702
1508	0.000333721	0.000000849163
1521	0.000334567	0.000000840342
1534	0.000335369	0.00000083124
1547	0.000336126	0.00000082186
1560	0.000336838	0.000000812202
1573	0.000337505	0.000000802269
1586	0.000338127	0.000000792063
1599	0.000338703	0.000000781615
1612	0.000339235	0.000000770999
1625	0.000339721	0.000000760117
1638	0.000340162	0.000000748971
1651	0.000340557	0.000000737562
1664	0.000340907	0.000000725893
1677	0.000341211	0.000000713965
1690	0.00034147	0.000000701783
1703	0.000341683	0.000000689346
1716	0.000341851	0.00000067666
1729	0.000341973	0.000000663725
1742	0.000342049	0.000000650544
1755	0.00034208	0.000000637121
1768	0.000342065	0.000000623457
1781	0.000342005	0.000000609557
1794	0.000341899	0.000000595422
1807	0.000341748	0.000000581056
1820	0.000341552	0.000000566462
1833	0.00034131	0.000000551643
1846	0.000341023	0.000000536602
1859	0.00034069	0.000000521342
1872	0.000340313	0.000000505868
1885	0.000339891	0.000000490182
1898	0.000339424	0.000000474288
1911	0.000338912	0.000000458189
1924	0.000338355	0.00000044189
1937	0.000337754	0.000000425394
1950	0.000337109	0.000000408704
1963	0.000336419	0.000000391826
1976	0.000335686	0.000000374762
1989	0.000334909	0.000000357516
2002	0.000334088	0.000000340094
2015	0.000333223	0.000000322499
2028	0.000332315	0.000000304735
2041	0.000331364	0.000000286807
2054	0.000330371	0.000000268719
2067	0.000329334	0.000000250476
2080	0.000328256	0.000000232082
2093	0.000327135	0.000000213542
2106	0.000325972	0.000000194861
2119	0.000324767	0.000000176043
2132	0.000323521	0.000000157093
2145	0.000322234	0.000000138016
2158	0.000320906	0.000000118818
2171	0.000319537	0.0000000995027
2184	0.000318129	0.000000080076
2197	0.00031668	0.0000000605431
2210	0.000315191	0.0000000409091
2223	0.000313664	0.0000000211795
2236	0.000312097	0.00000000589226
2249	0.000310491	0.0000000259353
2262	0.000308848	0.0000000460559
2275	0.000307166	0.0000000662484
2288	0.000305447	0.0000000865068
2301	0.00030369	0.000000106825
2314	0.000301897	0.000000127198
2327	0.000300067	0.000000147619
2340	0.000298202	0.000000168082
2353	0.0002963	0.00000018858
2366	0.000294364	0.000000209108
2379	0.000292392	0.00000022966
2392	0.000290387	0.000000250228
2405	0.000288347	0.000000270807
2418	0.000286274	0.000000291389
2431	0.000284168	0.000000311969
2444	0.000282029	0.000000332539
2457	0.000279859	0.000000353093
2470	0.000277656	0.000000373624
2483	0.000275423	0.000000394124
2496	0.000273159	0.000000414588
2509	0.000270865	0.000000435008
2522	0.000268542	0.000000455377
2535	0.000266189	0.000000475688
2548	0.000263808	0.000000495933
2561	0.000261399	0.000000516105
2574	0.000258962	0.000000536197
2587	0.000256499	0.000000556201
2600	0.000254009	0.000000576109
2613	0.000251494	0.000000595915
2626	0.000248954	0.00000061561
2639	0.000246389	0.000000635187
2652	0.0002438	0.000000654638
2665	0.000241187	0.000000673954
2678	0.000238552	0.000000693129
2691	0.000235895	0.000000712153
2704	0.000233216	0.00000073102
2717	0.000230517	0.000000749719
2730	0.000227797	0.000000768245
2743	0.000225058	0.000000786587
2756	0.0002223	0.000000804738
2769	0.000219524	0.000000822689
2782	0.00021673	0.000000840432
2795	0.00021392	0.000000857958
2808	0.000211093	0.000000875259
2821	0.000208251	0.000000892325
2834	0.000205394	0.000000909148
2847	0.000202523	0.000000925719
2860	0.000199639	0.000000942029
2873	0.000196743	0.00000095807
2886	0.000193835	0.000000973831
2899	0.000190915	0.000000989305
2912	0.000187986	0.00000100448
2925	0.000185047	0.00000101935
2938	0.000182099	0.0000010339
2951	0.000179143	0.00000104813
2964	0.00017618	0.00000106203
2977	0.000173211	0.00000107557
2990	0.000170236	0.00000108877
3003	0.000167257	0.0000011016
3016	0.000164273	0.00000111406
3029	0.000161287	0.00000112613
3042	0.000158298	0.00000113782
3055	0.000155308	0.00000114909
3068	0.000152318	0.00000115996
3081	0.000149327	0.0000011704
3094	0.000146339	0.00000118041
3107	0.000143352	0.00000118998
3120	0.000140368	0.00000119909
3133	0.000137388	0.00000120774
3146	0.000134413	0.00000121591
3159	0.000131443	0.0000012236
3172	0.00012848	0.00000123079
3185	0.000125525	0.00000123748
3198	0.000122578	0.00000124365
3211	0.000119641	0.0000012493
3224	0.000116714	0.0000012544
3237	0.000113798	0.00000125896
3250	0.000110895	0.00000126295
3263	0.000108005	0.00000126638
3276	0.000105129	0.00000126922
3289	0.000102268	0.00000127148
3302	0.0000994239	0.00000127312
3315	0.0000965967	0.00000127415
3328	0.0000937878	0.00000127456
3341	0.0000909981	0.00000127433
3354	0.0000882288	0.00000127345
3367	0.0000854807	0.0000012719
3380	0.0000827551	0.00000126969
3393	0.0000800528	0.00000126679
3406	0.000077375	0.0000012632
3419	0.0000747227	0.0000012589
3432	0.0000720971	0.00000125388
3445	0.0000694991	0.00000124813
3458	0.0000669299	0.00000124164
3471	0.0000643906	0.0000012344
3484	0.0000618822	0.00000122639
3497	0.0000594058	0.000001218
3510	0.0000569627	0.0000012089
3523	0.0000545538	0.00000119901
3536	0.0000521804	0.00000118832
3549	0.0000498436	0.00000117681
3562	0.0000475444	0.00000116448
3575	0.0000452841	0.00000115131
3588	0.0000430638	0.0000011373
3601	0.0000408847	0.00000112242
3614	0.000038748	0.00000110666
3627	0.0000366547	0.00000109003
3640	0.0000346062	0.00000107249
3653	0.0000326036	0.00000105404
3666	0.000030648	0.00000103467
3679	0.0000287408	0.00000101436
3692	0.0000268831	0.000000993108
3705	0.0000250761	0.000000970895
3718	0.000023321	0.00000094771
3731	0.0000216191	0.00000092354
3744	0.0000199717	0.000000898374
3757	0.0000183798	0.000000872199
3770	0.0000168449	0.000000845004
3783	0.0000153681	0.000000816775
3796	0.0000139508	0.000000787501
3809	0.000012594	0.00000075717
3822	0.0000112993	0.00000072577
3835	0.0000100677	0.00000069329
3848	0.00000890056	0.000000659717
3861	0.00000779921	0.000000625041
3874	0.00000676489	0.00000058925
3887	0.0000057989	0.000000552334
3900	0.00000490251	0.000000514283
3913	0.00000407701	0.000000475086
3926	0.0000033237	0.000000434734
3939	0.00000264385	0.00000039322
3952	0.00000203875	0.000000350537
3965	0.00000150967	0.00000030668
3978	0.00000105788	0.000000261646
3991	0.000000684626	0.000000215438
4004	0.000000391122	0.000000168065
4017	0.000000178544	0.000000119549
4030	0.0000000479744	0.0000000699451
4043	0.000000000240017	0.0000000194376
4044	0	0